function CheckQuest()
           MyLevel = game:GetService("Players").LocalPlayer.Data.Level.Value  
             if MyLevel >= 1 and MyLevel <= 9 then
                mob = "Bandit [Lv. 5]"
                Namequest = "BanditQuest1"
                Numberquest = 1
                MeCFrame = CFrame.new(1059.37195, 17.9649925, 1550.42371, 0.939700544, -0, -0.341998369, 0, 1, -0, 0.341998369, 0, 0.939700544)
                CFrameMon = CFrame.new(1199.31287, 52.2717781, 1536.91516, -0.929782331, 6.60215846e-08, -0.368109822, 3.9077392e-08, 1, 8.06501603e-08, 0.368109822, 6.06023249e-08, -0.929782331)

        elseif   MyLevel >= 10  and MyLevel <= 14 then
                mob = "Monkey [Lv. 14]"
                Namequest = "JungleQuest"
                Numberquest = 1
                MeCFrame =  CFrame.new(-1.60033948e3, 36.8521385, 154.441147)
                CFrameMon = CFrame.new(-1437.92346, 22.8521061, 219.017349, -0.991496682, 3.82256644e-08, -0.13013202, 3.68155568e-08, 1, 1.32416362e-08, 0.13013202, 8.33815594e-09, -0.991496682)

        elseif  MyLevel >= 15 and MyLevel <= 29 then
                mob = "Gorilla [Lv. 20]"
                Namequest = "JungleQuest"
                Numberquest = 2
                MeCFrame =  CFrame.new(-1.60033948e3, 36.8521385, 154.441147)
                CFrameMon = CFrame.new(-1290.61926, 37.4975739, -470.978577, 0.969616055, 0, 0.244631827, -0, 1, -0, -0.244631827, 0, 0.969616055)
         elseif  MyLevel >= 30 and MyLevel <= 39 then
                mob = "Pirate [Lv. 35]"
                Namequest = "BuggyQuest1"
                Numberquest = 1
                MeCFrame =  CFrame.new(-1141.19739, 4.75204945, 3829.98682, -0.994560003, 5.38543539e-08, 0.10416536, 5.23746415e-08, 1, -1.69406764e-08, -0.10416536, -1.13928955e-08, -0.994560003)
                CFrameMon = CFrame.new(-1151.60876, 44.1014557, 3873.24048, -0.5732162, -2.51314916e-08, 0.819404185, 6.99362923e-09, 1, 3.55628558e-08, -0.819404185, 2.61158153e-08, -0.5732162)
                
         elseif  MyLevel >= 40 and MyLevel <= 59 then
                mob = "Brute [Lv. 45]"
                Namequest = "BuggyQuest1"
                Numberquest = 2
                MeCFrame =  CFrame.new(-1141.19739, 4.75204945, 3829.98682, -0.994560003, 5.38543539e-08, 0.10416536, 5.23746415e-08, 1, -1.69406764e-08, -0.10416536, -1.13928955e-08, -0.994560003)
                CFrameMon = CFrame.new(-1309.77271, 15.0898724, 4297.63428, -0.323405892, 1.13280612e-06, -0.946260452, 1.27691578e-07, 1, 1.15349849e-06, 0.946260452, 2.52219138e-07, -0.323405892)
                
         elseif  MyLevel >= 60 and MyLevel <= 74 then
                mob = "Desert Bandit [Lv. 60]"
                Namequest = "DesertQuest"
                Numberquest = 1
                MeCFrame =  CFrame.new(895.628113, 6.43846178, 4390.89404, -0.841467679, -4.77309428e-08, 0.540307403, -5.11690104e-08, 1, 8.65039684e-09, -0.540307403, -2.03679669e-08, -0.841467679)
                CFrameMon = CFrame.new(895.628113, 6.43846178, 4390.89404, -0.841467679, -4.77309428e-08, 0.540307403, -5.11690104e-08, 1, 8.65039684e-09, -0.540307403, -2.03679669e-08, -0.841467679)
                
        elseif  MyLevel >= 75 and MyLevel <= 89 then
                mob = "Desert Officer [Lv. 70]"
                Namequest = "DesertQuest"
                Numberquest = 2
                MeCFrame =  CFrame.new(895.628113, 6.43846178, 4390.89404, -0.841467679, -4.77309428e-08, 0.540307403, -5.11690104e-08, 1, 8.65039684e-09, -0.540307403, -2.03679669e-08, -0.841467679)
                CFrameMon = CFrame.new(1553.34375, 14.4520388, 4373.521, 0.481890112, -7.54581038e-08, -0.87623167, 8.37914342e-08, 1, -4.00348945e-08, 0.87623167, -5.41282859e-08, 0.481890112)
                
        elseif  MyLevel >= 90 and MyLevel <= 99 then
                mob = "Snow Bandit [Lv. 90]"
                Namequest = "SnowQuest"
                Numberquest = 1
                MeCFrame =  CFrame.new(1388.08057, 87.272789, -1296.52271, 0.503127694, -7.63643513e-08, -0.864212096, 1.01703293e-07, 1, -2.91532682e-08, 0.864212096, -7.32254009e-08, 0.503127694)
                CFrameMon = CFrame.new(1388.08057, 87.272789, -1296.52271, 0.503127694, -7.63643513e-08, -0.864212096, 1.01703293e-07, 1, -2.91532682e-08, 0.864212096, -7.32254009e-08, 0.503127694)
                
         elseif  MyLevel >= 100 and MyLevel <= 119 then
                mob = "Snowman [Lv. 100]"
                Namequest = "SnowQuest"
                Numberquest = 2
                MeCFrame =  CFrame.new(1388.08057, 87.272789, -1296.52271, 0.503127694, -7.63643513e-08, -0.864212096, 1.01703293e-07, 1, -2.91532682e-08, 0.864212096, -7.32254009e-08, 0.503127694)
                CFrameMon = CFrame.new(1229.46216, 105.777557, -1436.328, 0.492498934, 1.14227623e-08, 0.870313048, 8.78273738e-08, 1, -6.28252721e-08, -0.870313048, 1.07378689e-07, 0.492498934)
                
          elseif  MyLevel >= 120 and MyLevel <= 149 then
                mob = "Chief Petty Officer [Lv. 120]"
                Namequest = "MarineQuest2"
                Numberquest = 1
                MeCFrame =  CFrame.new(-5038.14551, 28.6520348, 4325.06885, 0.0247529857, -7.53077813e-08, 0.999693573, 5.5499914e-08, 1, 7.39566488e-08, -0.999693573, 5.36522613e-08, 0.0247529857)
                CFrameMon = CFrame.new(-5038.14551, 28.6520348, 4325.06885, 0.0247529857, -7.53077813e-08, 0.999693573, 5.5499914e-08, 1, 7.39566488e-08, -0.999693573, 5.36522613e-08, 0.0247529857)
                
          elseif  MyLevel >= 150 and MyLevel <= 174 then
                mob = "Sky Bandit [Lv. 150]"
                Namequest = "SkyQuest"
                Numberquest = 1
                MeCFrame =  CFrame.new(-4843.06104, 717.669617, -2619.89453, -0.625773609, -5.8589233e-08, -0.78000474, -2.17756941e-08, 1, -5.76439803e-08, 0.78000474, -1.90869365e-08, -0.625773609)
                CFrameMon = CFrame.new(-5015.6958, 278.067047, -2732.70386, 0.996482193, -2.17051657e-08, -0.0838040337, 1.59489648e-08, 1, -6.93558704e-08, 0.0838040337, 6.77753036e-08, 0.996482193)
                
           elseif  MyLevel >= 175 and MyLevel <= 224 then
                mob = "Dark Master [Lv. 175]"
                Namequest = "SkyQuest"
                Numberquest = 2
                MeCFrame =  CFrame.new(-4843.06104, 717.669617, -2619.89453, -0.625773609, -5.8589233e-08, -0.78000474, -2.17756941e-08, 1, -5.76439803e-08, 0.78000474, -1.90869365e-08, -0.625773609)
                CFrameMon = CFrame.new(-5015.6958, 278.067047, -2732.70386, 0.996482193, -2.17051657e-08, -0.0838040337, 1.59489648e-08, 1, -6.93558704e-08, 0.0838040337, 6.77753036e-08, 0.996482193)
           
           elseif  MyLevel >= 225 and MyLevel <= 274 then
                mob = "Toga Warrior [Lv. 225]"
                Namequest = "ColosseumQuest"
                Numberquest = 1
                MeCFrame =  CFrame.new(-1578.96326, 7.38933659, -2985.26563, 0.929997921, 2.58211976e-08, -0.367564797, -7.48350004e-08, 1, -1.19095183e-07, 0.367564797, 1.3826498e-07, 0.929997921)
                CFrameMon = CFrame.new(-1578.96326, 7.38933659, -2985.26563, 0.929997921, 2.58211976e-08, -0.367564797, -7.48350004e-08, 1, -1.19095183e-07, 0.367564797, 1.3826498e-07, 0.929997921)
                
           elseif  MyLevel >= 275 and MyLevel <= 299 then
                mob = "Gladiator [Lv. 275]"
                Namequest = "ColosseumQuest"
                Numberquest = 2
                MeCFrame =  CFrame.new(-1578.96326, 7.38933659, -2985.26563, 0.929997921, 2.58211976e-08, -0.367564797, -7.48350004e-08, 1, -1.19095183e-07, 0.367564797, 1.3826498e-07, 0.929997921)
                CFrameMon = CFrame.new(-1578.96326, 7.38933659, -2985.26563, 0.929997921, 2.58211976e-08, -0.367564797, -7.48350004e-08, 1, -1.19095183e-07, 0.367564797, 1.3826498e-07, 0.929997921)
                
           elseif  MyLevel >= 300 and MyLevel <= 329 then
                mob = "Military Soldier [Lv. 300]"
                Namequest = "MagmaQuest"
                Numberquest = 1
                MeCFrame =  CFrame.new(-5314.0874, 12.2364721, 8517.30957, 0.892060339, 3.27445875e-08, 0.451916307, 3.79605902e-09, 1, -7.99504249e-08, -0.451916307, 7.30361052e-08, 0.892060339)
                CFrameMon = CFrame.new(-5314.0874, 12.2364721, 8517.30957, 0.892060339, 3.27445875e-08, 0.451916307, 3.79605902e-09, 1, -7.99504249e-08, -0.451916307, 7.30361052e-08, 0.892060339) 
                
           elseif  MyLevel >= 330 and MyLevel <= 374 then
                mob = "Military Spy [Lv. 330]"
                Namequest = "MagmaQuest"
                Numberquest = 2
                MeCFrame =  CFrame.new(-5314.0874, 12.2364721, 8517.30957, 0.892060339, 3.27445875e-08, 0.451916307, 3.79605902e-09, 1, -7.99504249e-08, -0.451916307, 7.30361052e-08, 0.892060339)
                CFrameMon = CFrame.new(-5802.86523, 98.9781647, 8790.12012, -0.636694491, -4.25873594e-08, 0.771116138, 1.52615112e-08, 1, 6.78293119e-08, -0.771116138, 5.4954949e-08, -0.636694491)     
        end      
end
